1686487 0 0 0
1686915 0 0 0
1687132 0 0 0
1687555 0 0 0
1687770 0 0 0
1688194 0 0 0
1688411 0 0 0
1688627 0 0 0
1688843 0 0 0
1689054 0 0 0
1689273 0 0 0
1689479 0 0 0
1689698 0 0 0
1689906 0 0 0
1690116 0 0 0
1690338 0 0 0
1690549 0 0 0
1690759 0 0 0
1690970 0 0 0
1691192 0 0 0
1691400 0 0 0
1691822 0 0 0
1692039 0 0 0
1692258 0 0 0
1692470 0 0 0
1692681 0 0 0
1692900 0 0 0
1693105 0 0 0
1693319 0 0 0
1693530 0 0 0
1693751 0 0 0
1693959 0 0 0
1694178 0 0 0
1694387 0 0 0
1694811 0 0 0
1695028 0 0 0
1695243 0 0 0
1695451 0 0 0
1695665 0 0 0
1695888 0 0 0
1696098 0 0 0
1696314 0 0 0
1696524 0 0 0
1696740 0 0 0
1696952 0 0 0
1697168 0 0 0
1697377 0 0 0
1697590 10 0 3600
1697802 33 0 0
1698013 71 0 0
1698233 122 0 1
1698442 184 0 0
1698652 249 0 0
1698868 379 0 0
1699087 445 0 0
1699293 511 0 3600
1699515 574 0 3599
1699721 636 0 3599
1699939 701 0 3597
1700150 767 0 3596
1700362 829 0 3595
1700578 888 -1 3595
1700788 951 -1 3594
1701000 1015 -2 3594
1701218 1077 -2 3594
1701435 1142 -3 3593
1701645 1208 -4 3592
1701857 1274 -5 3592
1702070 1340 -6 3592
1702289 1470 -7 3591
1702500 1530 -8 3591
1702713 1581 -10 3570
1702928 1624 -13 3549
1703144 1675 -18 3547
1703349 1733 -23 3549
1703566 1792 -28 3550
1703775 1855 -34 3551
1703990 1918 -39 3553
1704210 1981 -44 3555
1704423 2039 -49 3556
1704637 2103 -54 3557
1704845 2167 -58 3558
1705065 2223 -62 3562
1705272 2283 -66 3563
1705488 2411 -74 3567
1705695 2477 -78 3569
1705912 2540 -81 3570
1706122 2601 -84 3572
1706339 2668 -87 3574
1706549 2731 -90 3577
1706767 2792 -92 3578
1706977 2857 -95 3580
1707189 2919 -97 3582
1707409 2982 -99 3584
1707616 3039 -100 3586
1707834 3097 -102 3585
1708047 3161 -103 3585
1708261 3216 -105 3582
1708478 3338 -109 3581
1708688 3401 -111 3581
1708902 3468 -113 3580
1709118 3531 -115 3581
1709329 3595 -117 3583
1709540 3657 -119 3584
1709759 3718 -121 3585
1709968 3781 -122 3586
1710181 3845 -124 3588
1710391 3906 -125 3590
1710611 3970 -126 3592
1710820 4029 -127 3592
1711032 4080 -127 3592
1711247 4136 -128 3592
1711464 4202 -129 3591
1711882 4388 -132 3590
1712100 4451 -134 3589
1712317 4514 -135 3588
1712525 4579 -136 3587
1712739 4646 -138 3588
1712952 4711 -139 3589
1713170 4772 -140 3591
1713385 4836 -141 3592
1713599 4900 -142 3592
1713813 4957 -143 3593
1714021 5010 -143 3592
1714235 5068 -144 3591
1714452 5133 -145 3590
1714657 5199 -147 3589
1714872 5329 -150 3586
1715087 5395 -151 3585
1715303 5460 -153 3584
1715516 5518 -155 3583
1715731 5576 -156 3582
1715939 5639 -159 3581
1716156 5704 -161 3580
1716366 5768 -163 3579
1716584 5831 -165 3579
1716800 5894 -167 3581
1717008 5957 -170 3582
1717218 6022 -172 3583
1717436 6081 -173 3583
1717655 6143 -175 3585
1718071 6322 -180 3587
1718293 6383 -181 3589
1718503 6444 -182 3589
1718716 6507 -183 3590
1718928 6571 -184 3592
1719139 6637 -185 3592
1719359 6699 -186 3593
1719567 6760 -187 3594
1719787 6825 -187 3594
1719994 6890 -188 3593
1720215 6953 -189 3592
1720429 7013 -190 3591
1720641 7077 -191 3591
1720852 7143 -192 3590
1721063 7206 -193 3589
1721275 7336 -196 3587
1721699 7462 -199 3586
1721921 7528 -200 3585
1722339 7658 -204 3584
1722561 7721 -206 3585
1722769 7785 -207 3586
1722982 7849 -209 3586
1723203 7914 -210 3586
1723416 7978 -212 3585
1723627 8042 -214 3585
1723839 8104 -215 3584
1724051 8168 -217 3583
1724271 8297 -221 3581
1724480 8362 -224 3580
1724696 8425 -226 3580
1724905 8485 -228 3584
1725117 8540 -229 3591
1725337 8595 -230 0
1725544 8648 -229 12
1725755 8697 -227 28
1725975 8740 -224 42
1726185 8783 -221 56
1726403 8832 -215 70
1726612 8875 -209 87
1726824 8920 -202 103
1727247 9026 -180 118
1727467 9148 -155 112
1727680 9208 -143 106
1727890 9268 -132 101
1728104 9328 -122 94
1728322 9391 -111 89
1728531 9455 -102 82
1728748 9517 -93 77
1728962 9578 -85 75
1729173 9637 -77 72
1729390 9700 -69 72
1729808 9821 -54 71
1730032 9887 -45 69
1730238 9952 -37 68
1730456 10018 -29 68
1730664 10083 -22 66
1730878 10215 -7 61
1731094 10278 0 58
1731307 10341 6 57
1731521 10407 12 56
1731731 10473 19 55
1731943 10539 25 54
1732160 10605 31 53
1732378 10671 38 51
1732589 10738 44 51
1732800 10804 50 50
1733019 10870 55 50
1733232 10936 61 49
1733443 11002 67 48
1733651 11068 73 47
1734076 11264 88 43
1734300 11329 94 43
1734717 11461 103 41
1734932 11527 108 41
1735146 11593 113 39
1735364 11658 118 38
1735577 11724 122 36
1735788 11790 126 36
1736006 11854 130 34
1736214 11920 134 33
1736425 11986 138 32
1736647 12052 142 31
1736854 12118 145 30
1737069 12184 149 29
1737280 12315 156 28
1737495 12381 159 27
1737708 12447 162 26
1737924 12514 165 25
1738140 12580 168 25
1738350 12646 171 24
1738567 12712 174 24
1738775 12777 177 23
1738986 12843 180 22
1739208 12909 182 21
1739419 12974 185 21
1739631 13040 187 21
1739843 13105 190 20
1740058 13170 192 19
1740271 13299 196 17
1740483 13364 198 16
1740693 13429 200 17
1740912 13493 202 16
1741123 13559 204 15
1741338 13624 206 14
1741554 13689 208 14
1741763 13756 209 14
1741976 13822 211 13
1742188 13887 213 12
1742405 13953 214 11
1742615 14019 215 11
1742834 14084 217 10
1743043 14150 218 9
1743254 14216 219 8
1743467 14281 220 9
1743688 14408 223 12
1743896 14468 224 0
1744112 14516 223 3572
1744329 14556 220 3542
1744535 14593 215 3512
1744757 14631 208 3481
1744967 14668 199 3450
1745180 14707 187 3422
1745392 14750 173 3396
1745605 14789 157 3368
1745822 14827 139 3344
1746031 14867 119 3321
1746251 14906 97 3298
1746459 14946 73 3275
1746677 15023 20 3235
1746887 15062 -9 3217
1747096 15099 -40 3198
1747313 15139 -75 3181
1747522 15180 -112 3165
1747736 15220 -152 3150
1747952 15259 -191 3136
1748171 15298 -233 3123
1748379 15334 -274 3109
1748598 15366 -312 3097
1748805 15401 -354 3083
1749024 15436 -401 3072
1749234 15472 -448 3060
1749442 15503 -493 3048
1749655 15536 -542 3038
1749872 15599 -639 3018
1750093 15632 -694 3008
1750300 15662 -746 2998
1750517 15693 -800 2990
1750727 15723 -855 2981
1750945 15751 -909 2974
1751156 15779 -963 2967
1751369 15805 -1016 2960
1751579 15831 -1071 2954
1751799 15857 -1127 2948
1752004 15883 -1183 2942
1752218 15908 -1240 2938
1752430 15935 -1301 2938
1752653 15961 -1361 2932
1752863 15987 -1422 2927
1753078 16036 -1542 2918
1753291 16058 -1599 2913
1753497 16080 -1656 2908
1753712 16102 -1715 2902
1753931 16123 -1773 2897
1754147 16143 -1830 2893
1754359 16163 -1888 2887
1754564 16182 -1945 2883
1754779 16201 -2004 2878
1754997 16219 -2062 2872
1755208 16237 -2119 2868
1755418 16254 -2178 2863
1755633 16271 -2238 2858
1755846 16288 -2298 2853
1756067 16304 -2358 2850
1756278 16336 -2478 2843
1756488 16351 -2539 2840
1756702 16366 -2600 2835
1756913 16380 -2660 2830
1757128 16393 -2719 2826
1757348 16406 -2779 2821
1757559 16419 -2841 2814
1757771 16431 -2902 2810
1757985 16443 -2965 2805
1758404 16463 -3087 2792
1758623 16472 -3148 2785
1759045 16490 -3272 2776
1759260 16497 -3332 2775
1759475 16514 -3460 2777
1759692 16523 -3526 2778
1759904 16532 -3591 2778
1760117 16540 -3654 2779
1760331 16549 -3716 2780
1760544 16558 -3780 2783
1760754 16567 -3844 2785
1761179 16586 -3969 2788
1761606 16606 -4098 2792
1761821 16616 -4162 2793
1762041 16626 -4224 2789
1762253 16634 -4281 2783
1762463 16652 -4408 2785
1762886 16669 -4527 2771
1763108 16675 -4586 2764
1763315 16682 -4647 2755
1763530 16687 -4708 2749
1763742 16692 -4769 2742
1763960 16696 -4830 2736
1764170 16699 -4889 2727
1764388 16701 -4948 2720
1764603 16703 -5011 2718
1764811 16705 -5076 2716
1765025 16706 -5139 2713
1765242 16707 -5202 2714
1765450 16709 -5267 2716
1765669 16712 -5391 2719
1765881 16714 -5455 2720
1766097 16717 -5516 2721
1766308 16719 -5581 2723
1766518 16722 -5645 2725
1766735 16724 -5707 2727
1766948 16727 -5772 2727
1767161 16730 -5839 2726
1767372 16733 -5903 2726
1767582 16735 -5964 2727
1767796 16738 -6029 2726
1768222 16744 -6159 2728
1768443 16747 -6223 2730
1768861 16756 -6419 2730
1769085 16759 -6483 2730
1769298 16763 -6549 2729
1769504 16766 -6613 2730
1769724 16769 -6679 2730
1769933 16772 -6745 2730
1770148 16775 -6809 2730
1770361 16779 -6876 2729
1770569 16782 -6941 2729
1770787 16785 -7005 2731
1771003 16788 -7065 2734
1771213 16791 -7123 2738
1771427 16795 -7185 2739
1771643 16800 -7248 2740
1771852 16804 -7310 2741
1772067 16813 -7442 2741
1772282 16817 -7504 2740
1772500 16821 -7567 2741
1772710 16826 -7632 2739
1772921 16830 -7696 2737
1773131 16834 -7760 2735
1773344 16838 -7827 2734
1773567 16842 -7893 2734
1773777 16845 -7959 2734
1773986 16849 -8025 2733
1774197 16853 -8091 2732
1774410 16856 -8157 2732
1774632 16860 -8222 2731
1774838 16863 -8288 2730
1775264 16873 -8482 2728
1775486 16876 -8547 2727
1775696 16879 -8613 2727
1775904 16882 -8678 2727
1776119 16884 -8742 2725
1776339 16886 -8802 2720
1776545 16888 -8859 2713
1776760 16889 -8916 2705
1776979 16889 -8968 2695
1777188 16888 -9018 2683
1777405 16885 -9068 2667
1777618 16881 -9117 2649
1777829 16876 -9167 2632
1778252 16854 -9340 2630
1778473 16849 -9384 2630
1778892 16842 -9433 2630
1779109 16842 -9437 2631
1779324 16842 -9437 2631
